-----calling arg parse-------
k         :128
num_blocks:1792
u_grid    :8
v_grid    :8
x_grid    :1
y_grid    :1
ux        :8
vy        :8
num_iters :30
gpu       :6
lambda_p  :1.00000
lambda_q  :1.00000
lrate     :0.00000
alpha     :0.0800
beta      :0.2000
tr_path   :/home/cli99/cumf_sgd/data/yahoo/yahoo.train.bin
va_path   :
model_path:yahoo.train.bin.model
-----arg parse finished------


-----read_problem called-----
num_files:16
read_problem:/home/cli99/cumf_sgd/data/yahoo/yahoo.train.bin
m:1000990, n:624961, nnz:252800275
time elapsed:3.62170552s
-----read problem finished-----


sqrt(ex2):62.012241
ave     :48.870
std_dev :38.174
scale   :38.174


-----shuffle problem-----
time elapsed:0.69983200s
-----shuffle finished-----


-----grid problem-----
u_seg:125124
v_seg:78121
grid count time:0.93266400s
max grid size:4084243
swapping ...
grid swap time:4.66951900s


-----scale problem----
lambda:0.02619578, 0.02619578
time elapsed:1.86574400s
-----scale finished-----


-----init model----
state_size:125184
grid:0
grid:1
grid:2
grid:3
grid:4
grid:5
grid:6
grid:7
state_size:78336
grid:0
grid:1
grid:2
grid:3
grid:4
grid:5
grid:6
grid:7
time elapsed:0.16622800s
-----init model-----


calling sgd_update_k128() ...
alpha:0.0800
beta :0.2000
lrate:0.0000
i:   0, rate:0.08000000
i:   1, rate:0.06666666
i:   2, rate:0.05109583
i:   3, rate:0.03923048
i:   4, rate:0.03076923
i:   5, rate:0.02472136
i:   6, rate:0.02030772
i:   7, rate:0.01700662
i:   8, rate:0.01447837
i:   9, rate:0.01250000
i:  10, rate:0.01092216
i:  11, rate:0.00964253
i:  12, rate:0.00858936
i:  13, rate:0.00771126
i:  14, rate:0.00697068
i:  15, rate:0.00633967
i:  16, rate:0.00579710
i:  17, rate:0.00532674
i:  18, rate:0.00491597
i:  19, rate:0.00455482
i:  20, rate:0.00423537
i:  21, rate:0.00395124
i:  22, rate:0.00369723
i:  23, rate:0.00346909
i:  24, rate:0.00326329
i:  25, rate:0.00307692
i:  26, rate:0.00290752
i:  27, rate:0.00275300
i:  28, rate:0.00261161
i:  29, rate:0.00248185
i:  30, rate:0.00236244
i:  31, rate:0.00225224
i:  32, rate:0.00215031
i:  33, rate:0.00205581
update_vector_size        : 128
max_update_count_per_block: 18
computation time:13.64856875
finished
transform_feature_vector ...
	grid:0
	grid:1
	grid:2
	grid:3
	grid:4
	grid:5
	grid:6
	grid:7
transform_feature_vector ...
	grid:0
	grid:1
	grid:2
	grid:3
	grid:4
	grid:5
	grid:6
	grid:7
-----scale model----
model->m*model->k：128126720
time elapsed:0.07968800s
-----scale model-----


save_model() is called
saving feature m(1000990)...
progress: %0.000
saving feature n(624961)...
progress: %0.000
time elapsed:0.73995800s

training application finished...


read_problem:/home/cli99/cumf_sgd/data/yahoo/yahoo.test.bin
m:1000990, n:624959, nnz:6005940
mf_load_model called
fun: 0
m:   1000990
n:   624961
k:   128
b:   1.280
p_size:128126720
loading feature p m:1000990 ...
progress:%0.000
loading feature q n:624961 ...
progress:%0.000
time elapsed:0.38984100s

calculating rmse ...
RMSE = 24.7474
time elapsed:1.54781300s
